8.920407844621777022e-03	9.990838491671942823e-01	1.241736793427565960e-01
9.188020079960430506e-03	9.568457406969221868e-01	1.177296641599487742e-01
9.463660682359244236e-03	7.822651819339464518e-01	8.270780564220672759e-02
9.747570502830021216e-03	9.602323378960292422e-01	8.617705452095790475e-02
1.003999761791492078e-02	8.376384329583935751e-01	7.399604329140888059e-02
1.034119754645236935e-02	8.260230160261249344e-01	6.650591557605181614e-02
1.065143347284593957e-02	7.659647640563677085e-01	6.005285221106237276e-02
1.097097647703131756e-02	9.308056664536914493e-01	6.162682234031852807e-02
1.130010577134225695e-02	7.419110847624930116e-01	4.974670167982618574e-02
1.163910894448252561e-02	7.400734517478027019e-01	4.651164467455170398e-02
1.198828221281699954e-02	7.602200927169626699e-01	4.411320384312332477e-02
1.234793067920151102e-02	7.944729852297751638e-01	4.152475643379115178e-02
1.271836859957755500e-02	7.992173908255962855e-01	3.962711143542069908e-02
1.309991965756488255e-02	7.996292182371562696e-01	3.676543078370640011e-02
1.349291724729182948e-02	8.128613815783625185e-01	3.508765389215969671e-02
1.389770476471058336e-02	7.818120956873344518e-01	3.231311390978659076e-02
1.431463590765190072e-02	6.103183265068975460e-01	2.636306959067139313e-02
1.474407498488145701e-02	3.231443590252793818e-01	1.796696591494739356e-02
1.518639723442790149e-02	2.967009165524055470e-01	1.616104352277919140e-02
1.564198915146073829e-02	4.298672232519573644e-01	1.862677790134796563e-02
1.611124882600455804e-02	4.862611006192855689e-01	1.884930754562064159e-02
1.659458629078469638e-02	5.166893103146604771e-01	1.874131567776486998e-02
1.709242387950823949e-02	5.008911218835572221e-01	1.772549468415575424e-02
1.760519659589348390e-02	4.000905320385450548e-01	1.478812272717165179e-02
1.813335249377029043e-02	3.110198777706639217e-01	1.219583777860190101e-02
1.867735306858339661e-02	2.533098459486894383e-01	1.083685302365041889e-02
1.923767366064089990e-02	2.777142896474860123e-01	1.111289442924320685e-02
1.981480387046012648e-02	3.113395089356125744e-01	1.152890442399504174e-02
2.040924798657393208e-02	3.204800743387908324e-01	1.146136234178538049e-02
2.102152542617114969e-02	3.268629058680609933e-01	1.132549457915036327e-02
2.165217118895628595e-02	2.674202963197866434e-01	1.033214314659780531e-02
2.230173632462497182e-02	2.230144457840086969e-01	7.722118665218842722e-03
2.297078841436372282e-02	1.717029728782540066e-01	6.663008854144933379e-03
2.365991206679463055e-02	1.688994488128132132e-01	6.106536534951080043e-03
2.436970942879847224e-02	1.873496043614272799e-01	6.092942231884767093e-03
2.510080071166242294e-02	2.017573500923890151e-01	6.098484326784020353e-03
2.585382473301229764e-02	1.807719097026523336e-01	5.421368086734191204e-03
2.662943947500266695e-02	1.459360129305512233e-01	4.649680240267082924e-03
2.742832265925274765e-02	1.087986717214954741e-01	3.787176768252764527e-03
2.825117233903032959e-02	1.030995104257888262e-01	3.516633593843480378e-03
2.909870750920124163e-02	1.044497594422367781e-01	3.408337911935004072e-03
2.997166873447727753e-02	1.088704885852674609e-01	3.332080117531469217e-03
3.087081879651159405e-02	9.207160510376556639e-02	2.928300598594114380e-03
3.179694336040694153e-02	6.258935517542958682e-02	2.288363429965980210e-03
3.275085166121914637e-02	4.889031885689953949e-02	1.929342927975641548e-03
3.373337721105572340e-02	5.924868465995863226e-02	2.049005761479189610e-03
3.474537852738739108e-02	5.930007985082527688e-02	1.972569830906236148e-03
3.578773988320901878e-02	4.547308973502112855e-02	1.641974376159242030e-03
3.686137207970528740e-02	3.020500146259976273e-02	1.290657484005741044e-03
3.796721324209643977e-02	2.712384988568610281e-02	1.171493830238647593e-03
3.910622963935933560e-02	2.899722130235701453e-02	1.182992989888739452e-03
4.027941652854011290e-02	2.404497766676753565e-02	1.032129211964911454e-03
4.148779902439631712e-02	1.587019844298160481e-02	8.633356422524818968e-04
4.273243299512820281e-02	1.129857161219007845e-02	6.996542035918361727e-04
4.401440598498204682e-02	1.321498482873702425e-02	7.101355532206955756e-04
4.533483816453151571e-02	9.625825102472354566e-03	5.679001463128755325e-04
4.669488330946745813e-02	5.394562465934824025e-03	4.181761859447450367e-04
4.809572980875148618e-02	4.679846357571968221e-03	3.840353997982626569e-04
4.953860170301402355e-02	5.602879852045723752e-03	3.344257412428383873e-04
5.102475975410444842e-02	2.602436499603491028e-03	2.135422139651877132e-04
5.255550254672757687e-02	1.109228714392530455e-03	1.288498429120541193e-04
5.413216762312940411e-02	1.850376483567908520e-03	1.629989943434742854e-04
5.575613265182328970e-02	1.176808041470169420e-03	1.187838349382019416e-04
5.742881663137798520e-02	5.699507100449620117e-04	7.964224108425967314e-05
5.915168113031932240e-02	5.160458244502700133e-04	7.188161197044073806e-05
6.092623156422891095e-02	5.399556473871822224e-04	6.733827757669911846e-05
6.275401851115577911e-02	4.784958305283663004e-04	6.062785505122322610e-05
6.463663906649044777e-02	4.473210234836033357e-04	5.569383814515788871e-05
6.657573823848517147e-02	8.681007014604877987e-04	7.365858327783188209e-05
6.857301038563971829e-02	6.201948044507148280e-04	5.836938393899154408e-05
7.063020069720890581e-02	8.363211653226974851e-04	6.440871814525785772e-05
7.274910671812517826e-02	1.123953766110689012e-03	7.210875186423690720e-05
7.493157991966892251e-02	7.673601542372032215e-04	5.655295680336643212e-05
7.717952731725899462e-02	1.090415685052309978e-03	6.448397511276440482e-05
7.949491313677675697e-02	7.257092044731477780e-04	4.933386968852963080e-05
8.187976053088005801e-02	9.665087934335093610e-04	5.478357353778521069e-05
8.433615334680646947e-02	7.018586230894436218e-04	4.412536505640417500e-05
8.686623794721065606e-02	7.102302161910050479e-04	4.310295873785741609e-05
8.947222508562698018e-02	5.635352204011480608e-04	3.681377960080639095e-05
9.215639183819579472e-02	6.036804334070149146e-04	3.742771914906886026e-05
9.492108359334167078e-02	4.512634803576217137e-04	3.132315499366091600e-05
9.776871610114191979e-02	3.869109954705498167e-04	2.718526541786859651e-05
1.007017775841761720e-01	2.073916513662935513e-04	1.911871573159862445e-05
1.037228309117014663e-01	2.085586049772030902e-04	1.989164249247227660e-05
1.068345158390525129e-01	1.418961091112531524e-04	1.580577891542294324e-05
1.100395513142240767e-01	1.095471549639785930e-04	1.365242975762898484e-05
1.133407378536507998e-01	6.433241156763520375e-05	1.024165646489126518e-05
1.167409599892603178e-01	5.974830604763735819e-05	9.881925325420435452e-06
1.202431887889381379e-01	6.140560890985814898e-05	9.759313300083041691e-06
1.238504844526062687e-01	7.256329716129402850e-05	1.010087198207102492e-05
1.275659989861844812e-01	6.719016933305724552e-05	9.558275680487507599e-06
1.313929789557700123e-01	7.056278767124424831e-05	9.336123508944379484e-06
1.353347683244430777e-01	1.153102548421970332e-04	1.162766803045018524e-05
1.393948113741763639e-01	1.032461164699916174e-04	1.073515609638282175e-05
1.435766557154016798e-01	7.918460579167416820e-05	9.098753537763697971e-06
1.478839553868637191e-01	7.712418767525672594e-05	8.767745045378320235e-06
1.523204740484696285e-01	6.729473126123894995e-05	8.147134746777270401e-06
1.568900882699237054e-01	5.566199954100308823e-05	7.235458096589832288e-06
1.615967909180214268e-01	3.258195720618197139e-05	5.428237270465777340e-06
1.664446946455620524e-01	2.421727030053234543e-05	4.671615852529985756e-06
1.714380354849289190e-01	1.895182028381611070e-05	4.126133049220397237e-06
1.765811765494767482e-01	2.777740129244372778e-05	4.921571528425043331e-06
1.818786118459610468e-01	1.867955775033277140e-05	3.983070423087849172e-06
1.873349702013398788e-01	2.588119197512336428e-05	4.731878901939604306e-06
1.929550193073800712e-01	2.573572131099634489e-05	4.785331174203411951e-06
1.987436698866014706e-01	2.414219645191760668e-05	4.917569536897576851e-06
2.047059799831995319e-01	3.511418334988271724e-05	6.075840979320153910e-06
2.108471593826955204e-01	2.413571664893757255e-05	5.287817978387104435e-06
2.171725741641764018e-01	2.369991090529231101e-05	5.607219700081466957e-06
2.236877513891016855e-01	2.441584016013006114e-05	6.005263617791839824e-06
2.303983839307747195e-01	9.937644172936595756e-06	4.092162196083820742e-06
2.370401532767581476e-01	1.890811563614208283e-05	6.342989783199674441e-06
