8.891781045842886422e-03	8.471792772603119470e-01	6.844225798392922222e-02
9.158534477218174125e-03	9.728381139591180116e-01	7.098890934340625070e-02
9.433290511534719522e-03	9.204976995894912362e-01	6.208049506431627396e-02
9.716289226880760188e-03	7.576899129274711209e-01	4.704878635194224834e-02
1.000777790368718306e-02	7.614442591867702781e-01	4.366860526111952800e-02
1.030801124079780071e-02	5.459599171438772602e-01	3.272423296055632785e-02
1.061725157802173407e-02	6.069142595924400529e-01	3.281028566712464178e-02
1.093576912536238510e-02	7.028818933297720228e-01	3.300776984196727992e-02
1.126384219912325742e-02	7.269168400784143946e-01	3.066004763952493925e-02
1.160175746509695474e-02	7.368897452896391309e-01	2.899179945544122505e-02
1.194981018904986425e-02	7.085498155021315858e-01	2.659242821987785679e-02
1.230830449472136018e-02	6.593717639387348672e-01	2.324338735752709897e-02
1.267755362956300008e-02	5.384356528174358836e-01	1.966162535501757638e-02
1.305788023844988918e-02	4.957912016352173379e-01	1.755568357588446066e-02
1.344961664560338603e-02	4.134737293338807684e-01	1.506794403894123370e-02
1.385310514497148718e-02	4.431208984708540077e-01	1.469738386809094251e-02
1.426869829932063058e-02	4.548021045961493369e-01	1.388625542129475095e-02
1.469675924830025036e-02	5.119636979698636292e-01	1.396856311408901583e-02
1.513766202574925827e-02	5.329028939849538293e-01	1.338434738288611821e-02
1.559179188652173517e-02	5.427731027923418106e-01	1.290125150761492132e-02
1.605954564311738719e-02	4.856372653572383902e-01	1.152294166032258142e-02
1.654133201241090798e-02	4.264189274440406408e-01	1.033780385986637733e-02
1.703757197278323726e-02	3.440256234774297095e-01	8.897342441535326454e-03
1.754869913196673362e-02	3.020327201139558770e-01	7.770292035947035970e-03
1.807516010592573677e-02	3.022157833690835016e-01	7.321540671097417734e-03
1.861741490910351002e-02	3.208493445033414049e-01	7.473524232513534087e-03
1.917593735637661626e-02	3.382452890254361022e-01	7.470416338023515117e-03
1.975121547706791547e-02	3.452935595928136037e-01	7.366999616011573292e-03
2.034375194137995335e-02	3.422544202796824475e-01	7.203791099649346254e-03
2.095406449962135265e-02	2.914154601927435029e-01	6.459680022448050993e-03
2.158268643460999406e-02	2.221092718852477610e-01	5.681454275477631870e-03
2.223016702764829544e-02	1.797617159173650059e-01	4.790955401199468132e-03
2.289707203847774278e-02	1.937406533431650646e-01	4.277630879115760371e-03
2.358398419963207704e-02	2.071849241916174644e-01	4.243282728721486062e-03
2.429150372562103796e-02	2.153588536078743232e-01	4.080609009162764096e-03
2.502024883738966990e-02	2.060171265596731915e-01	3.815181743897559392e-03
2.577085630251135795e-02	1.649609907209433901e-01	3.185133129187571379e-03
2.654398199158669938e-02	1.284122682692387385e-01	2.648342278927207430e-03
2.734030145133430068e-02	1.040593667692542440e-01	2.248520234677427176e-03
2.816051049487432872e-02	1.105576559616486820e-01	2.218451357699537715e-03
2.900532580972055643e-02	1.201713872298110775e-01	2.242808405613626668e-03
2.987548558401217219e-02	1.128241684776607884e-01	2.083078672455588535e-03
3.077175015153253701e-02	8.631143482617702201e-02	1.706766291316416054e-03
3.169490265607851492e-02	6.291239269204855489e-02	1.369251714688045872e-03
3.264574973576087058e-02	5.496402321898911231e-02	1.219807138827081177e-03
3.362512222783368976e-02	5.768522561138832161e-02	1.206857404194149270e-03
3.463387589466870864e-02	5.934570582826149271e-02	1.176385214718524272e-03
3.567289217150876324e-02	4.490449681500768842e-02	9.673254376048079665e-04
3.674307893665403058e-02	3.023122161191956619e-02	7.522954314008263501e-04
3.784537130475365552e-02	2.583512427666711034e-02	6.664261444176113524e-04
3.898073244389625713e-02	2.881537091999315098e-02	6.847857289898855301e-04
4.015015441721314637e-02	2.437467347848816870e-02	6.021881434346386527e-04
4.135465904972954188e-02	1.639932616714917871e-02	5.039616404757550410e-04
4.259529882122142785e-02	1.093504341439627270e-02	3.926532292838804793e-04
4.387315778585806902e-02	1.113512428621156285e-02	3.714870478713126430e-04
4.518935251943381054e-02	9.668784174734618847e-03	3.253450315123653587e-04
4.654503309501682728e-02	5.681537775335364013e-03	2.423785782694769968e-04
4.794138408786732808e-02	4.108448645902056454e-03	2.007926048311931434e-04
4.937962561050334570e-02	3.450532256588202153e-03	1.802063751633339948e-04
5.086101437881844489e-02	2.625599873372181162e-03	1.539971422289155851e-04
5.238684481018299893e-02	1.299287277497499686e-03	9.636941597488653331e-05
5.395845015448848953e-02	8.404293187924359847e-04	7.670449504709996860e-05
5.557720365912314359e-02	7.638751334289216799e-04	6.706382731583459167e-05
5.724451976889683574e-02	2.617243595914427938e-04	3.771335009631187485e-05
5.896185536196374422e-02	2.017704967389106260e-04	3.239907531910465801e-05
6.073071102282265321e-02	1.567374430005522034e-04	2.665331412218252674e-05
6.255263235350733142e-02	2.497108392506281870e-04	3.166480694810057145e-05
6.442921132411255636e-02	1.689131276735228774e-04	2.506698836260100779e-05
6.636208766383591695e-02	2.826718328952374979e-04	3.102341833347195961e-05
6.835295029375099141e-02	4.999118682319343915e-04	4.036114863290189350e-05
7.040353880256353114e-02	3.746416749530622381e-04	3.302418397273667005e-05
7.251564496664042458e-02	5.749583278229911717e-04	3.979026975111639257e-05
7.469111431563965620e-02	6.202177228236241445e-04	3.957527333593783392e-05
7.693184774510883339e-02	6.763428301369651605e-04	4.032439342834201750e-05
7.923980317746209812e-02	7.286962444640085294e-04	4.026079407519445144e-05
8.161699727278597105e-02	5.838533495180604988e-04	3.462612841550787908e-05
8.406550719096955726e-02	6.495683411752678320e-04	3.520573490127114390e-05
8.658747240669863177e-02	4.859311353708458737e-04	2.928683406274898191e-05
8.918509657889958642e-02	4.755706208172413938e-04	2.850135462902502563e-05
9.186064947626657040e-02	3.617499869885931448e-04	2.421383702494629906e-05
9.461646896055456168e-02	3.377489180823756588e-04	2.300184688518385303e-05
9.745496302937120547e-02	2.315168872974644222e-04	1.870926344439001772e-05
1.003786119202523391e-01	1.864696737361769350e-04	1.637839179414025706e-05
1.033899702778598995e-01	1.589043931111819210e-04	1.558628795240575132e-05
1.064916693861956976e-01	7.808207475564095650e-05	1.066464498086744097e-05
1.096864194677815707e-01	5.757213125557424359e-05	8.961542580832051016e-06
1.129770120518150123e-01	6.114763614615286076e-05	9.010624495740249398e-06
1.163663224133694718e-01	3.302178025608970660e-05	6.563380263237851723e-06
1.198573120857705510e-01	3.453028455164407787e-05	6.505222152704048582e-06
1.234530314483436725e-01	4.556157997845184732e-05	7.640027231938947784e-06
1.271566223917939831e-01	4.916536834505326491e-05	7.395965064461301244e-06
1.309713210635478076e-01	6.368339290262312220e-05	8.233736954959671863e-06
1.349004606954542496e-01	7.446201439585697652e-05	8.637322268828350122e-06
1.389474745163178926e-01	7.403370457858974088e-05	8.274523683775970880e-06
1.431158987518074133e-01	7.642103293014255950e-05	8.210632716980875470e-06
1.474093757143616346e-01	5.508863674661977806e-05	6.769736770083747774e-06
1.518316569857924847e-01	6.355152610891529183e-05	7.120113301865674970e-06
1.563866066953662481e-01	5.401844566492304637e-05	6.399209726437248986e-06
1.610782048962272617e-01	3.826572140560682188e-05	5.298669258706921688e-06
1.659105510431140573e-01	4.550320212726985852e-05	5.685648639817927387e-06
1.708878675744074926e-01	1.982031148280543657e-05	3.713784821165206806e-06
1.760145036016396991e-01	2.873475058570888817e-05	4.482344423174350878e-06
1.812949387096888798e-01	2.344340270265004415e-05	3.983298560817077956e-06
1.867337868709795234e-01	3.043138342346792327e-05	4.525735660456302477e-06
1.923358004771089091e-01	3.074301773789200670e-05	4.536422454030707294e-06
1.981058744914221958e-01	3.921669392377380800e-05	5.143284605511105091e-06
2.040490507261648601e-01	2.914644205895401241e-05	4.581270324829975402e-06
2.101705222479497981e-01	3.023489741830721010e-05	4.810226462449388014e-06
2.164756379153882915e-01	1.388519828500537197e-05	3.507602927201377232e-06
2.229699070528499416e-01	1.982416421151531172e-05	4.331786365705954695e-06
2.296590042644354179e-01	1.082339477030252870e-05	3.420351599802470731e-06
2.365487743923684882e-01	2.126876288835042307e-05	5.022522173295280396e-06
2.436452376241395323e-01	2.186553043991787889e-05	5.501166558522649796e-06
2.490465094716506345e-01	1.275997099402438972e-05	6.405179990995639520e-06
