8.920407844621777022e-03	8.076204261650788974e-01	4.814573616930947070e-02
9.188020079960430506e-03	8.751212109635779779e-01	4.977022283352940807e-02
9.463660682359244236e-03	8.533275434368158274e-01	4.359853399745915181e-02
9.747570502830021216e-03	7.679376813082194886e-01	3.453987752362677049e-02
1.003999761791492078e-02	7.828697683140929398e-01	3.258844140121344712e-02
1.034119754645236935e-02	7.996756926642550889e-01	3.064292249887739725e-02
1.065143347284593957e-02	8.266490074158266976e-01	2.911194095374977989e-02
1.097097647703131756e-02	7.927331866716195163e-01	2.597772958170792637e-02
1.130010577134225695e-02	8.251450043120871491e-01	2.467188848701703380e-02
1.163910894448252561e-02	8.112437337524217584e-01	2.264362097212452643e-02
1.198828221281699954e-02	8.250683558142245522e-01	2.133883213048909377e-02
1.234793067920151102e-02	7.810945434501360696e-01	1.903443320731060262e-02
1.271836859957755500e-02	7.985523042512039371e-01	1.828986676068520764e-02
1.309991965756488255e-02	8.023253702157682188e-01	1.704572110075577851e-02
1.349291724729182948e-02	7.973889466155857919e-01	1.606260876439394997e-02
1.389770476471058336e-02	7.560646705821877367e-01	1.459271722073513140e-02
1.431463590765190072e-02	5.720977980597820034e-01	1.150549424495051105e-02
1.474407498488145701e-02	2.929465968078600602e-01	7.377606254510766723e-03
1.518639723442790149e-02	1.623563861495000149e-01	5.052586664789824288e-03
1.564198915146073829e-02	1.129087062067464925e-01	3.999491468725226151e-03
1.611124882600455804e-02	8.815014980624513719e-02	3.381280907042205630e-03
1.659458629078469638e-02	7.340361236876084827e-02	2.978932360757221513e-03
1.709242387950823949e-02	5.968108699220546487e-02	2.621233398223409700e-03
1.760519659589348390e-02	4.132015350948713833e-02	2.044879103636806916e-03
1.813335249377029043e-02	2.979304585114276108e-02	1.701536208189195504e-03
1.867735306858339661e-02	2.157027010725712582e-02	1.462456065148111514e-03
1.923767366064089990e-02	2.041786748007020508e-02	1.412518158319410076e-03
1.981480387046012648e-02	2.299326891025662428e-02	1.483120213165813441e-03
2.040924798657393208e-02	2.213030088931722955e-02	1.368808372582882953e-03
2.102152542617114969e-02	1.889776233267908764e-02	1.250168651650882846e-03
2.165217118895628595e-02	1.334073432732425790e-02	1.091592278527871510e-03
2.230173632462497182e-02	1.056523482816342646e-02	7.803302944745617916e-04
2.297078841436372282e-02	9.790482262531598548e-03	7.292111545890809111e-04
2.365991206679463055e-02	1.053984931696014260e-02	6.865124690857024809e-04
2.436970942879847224e-02	9.842126068515907877e-03	6.350882102055545840e-04
2.510080071166242294e-02	9.747602091310541769e-03	6.056946082517443734e-04
2.585382473301229764e-02	6.194436038580755990e-03	4.833928906465391820e-04
2.662943947500266695e-02	4.822208833295362103e-03	4.055133140481926484e-04
2.742832265925274765e-02	5.907551010239804265e-03	3.942678602936881328e-04
2.825117233903032959e-02	5.456216178498575139e-03	3.685600362749307402e-04
2.909870750920124163e-02	6.024318343907618389e-03	3.602161768240658146e-04
2.997166873447727753e-02	4.308653107021568653e-03	3.097408866076207341e-04
3.087081879651159405e-02	3.217601835528883115e-03	2.535981419490594474e-04
3.179694336040694153e-02	3.197038327894450010e-03	2.307452124715444011e-04
3.275085166121914637e-02	4.108099277813453271e-03	2.434904333915038248e-04
3.373337721105572340e-02	3.694310177461309231e-03	2.249229195459588398e-04
3.474537852738739108e-02	2.567983117581867231e-03	1.841454767165628785e-04
3.578773988320901878e-02	2.077070250840375252e-03	1.585339159591154482e-04
3.686137207970528740e-02	2.192647112115127771e-03	1.512928210306802382e-04
3.796721324209643977e-02	2.661503901338741884e-03	1.578934037630756412e-04
3.910622963935933560e-02	1.835928031166460164e-03	1.292638364377094991e-04
4.027941652854011290e-02	1.536866014817804766e-03	1.146659827609700972e-04
4.148779902439631712e-02	1.608818789093575128e-03	1.179015700013180857e-04
4.273243299512820281e-02	1.675285567115637102e-03	1.143770188705481967e-04
4.401440598498204682e-02	1.304895504924432703e-03	9.540231575106521958e-05
4.533483816453151571e-02	1.089210624590731093e-03	8.542301124536267178e-05
4.669488330946745813e-02	1.420635063761949233e-03	9.233499625368690148e-05
4.809572980875148618e-02	1.149957786318321499e-03	8.071958574192986461e-05
4.953860170301402355e-02	8.359724337697016202e-04	5.662877994094361704e-05
5.102475975410444842e-02	9.549061288281595608e-04	5.532852816845643584e-05
5.255550254672757687e-02	1.008740991029958992e-03	5.179224820627619202e-05
5.413216762312940411e-02	6.877779329240776016e-04	4.244602277088676564e-05
5.575613265182328970e-02	6.863512594029628437e-04	3.831867367758812854e-05
5.742881663137798520e-02	6.930408328487235991e-04	3.615418354168503082e-05
5.915168113031932240e-02	6.033866729448026647e-04	3.238100548940739106e-05
6.092623156422891095e-02	5.767186823860005057e-04	2.924509363324520909e-05
6.275401851115577911e-02	5.389207008638285858e-04	2.692276065933130983e-05
6.463663906649044777e-02	4.967854103400268445e-04	2.453532589943583359e-05
6.657573823848517147e-02	4.760216056534068499e-04	2.268606196627760132e-05
6.857301038563971829e-02	4.239890307168276231e-04	2.024018097963190471e-05
7.063020069720890581e-02	4.106898671162672958e-04	1.890888691771243200e-05
7.274910671812517826e-02	3.458748573385170494e-04	1.663425142492266717e-05
7.493157991966892251e-02	3.412913508043005075e-04	1.581706631854392617e-05
7.717952731725899462e-02	3.148868166271039451e-04	1.445040149740127465e-05
7.949491313677675697e-02	2.827052662704010303e-04	1.289008305896246893e-05
8.187976053088005801e-02	2.512626186026021744e-04	1.167021716098051441e-05
8.433615334680646947e-02	2.464562514832476783e-04	1.098269608841203335e-05
8.686623794721065606e-02	1.951881339179868636e-04	9.468858768822632917e-06
8.947222508562698018e-02	2.090391054677187891e-04	9.367755410273944161e-06
9.215639183819579472e-02	1.423531933562685614e-04	7.600800933273530686e-06
9.492108359334167078e-02	1.550124378303217203e-04	7.633936883125808898e-06
9.776871610114191979e-02	1.182070513078002275e-04	6.297890943296965677e-06
1.007017775841761720e-01	1.128425366437640958e-04	5.933492128686374784e-06
1.037228309117014663e-01	9.871360480206762785e-05	5.729234487449693586e-06
1.068345158390525129e-01	8.700029545673839413e-05	5.174811052929523638e-06
1.100395513142240767e-01	7.475410004806242793e-05	4.730632158446576994e-06
1.133407378536507998e-01	6.827933560343066712e-05	4.329903405466358769e-06
1.167409599892603178e-01	6.366680082114681912e-05	4.205170224045605498e-06
1.202431887889381379e-01	5.320488350387771106e-05	3.758764379202047400e-06
1.238504844526062687e-01	4.936809897174597239e-05	3.439449905417932545e-06
1.275659989861844812e-01	5.064052971160109672e-05	3.414314248530284642e-06
1.313929789557700123e-01	4.598376100256234758e-05	3.130817594559688276e-06
1.353347683244430777e-01	3.671581309837346522e-05	2.748476526982025226e-06
1.393948113741763639e-01	3.414873774293831219e-05	2.596219800424611322e-06
1.435766557154016798e-01	2.603133310775249394e-05	2.205229632532652853e-06
1.478839553868637191e-01	2.775316196156687602e-05	2.211319809867007334e-06
1.523204740484696285e-01	2.750497229006470330e-05	2.168336384280840879e-06
1.568900882699237054e-01	2.634970236502298541e-05	2.069838943909663399e-06
1.615967909180214268e-01	2.060205579120736458e-05	1.793478238069566079e-06
1.664446946455620524e-01	1.745071763634203834e-05	1.647489214427247599e-06
1.714380354849289190e-01	1.714145427984592246e-05	1.617738874710964487e-06
1.765811765494767482e-01	1.718839277541604500e-05	1.613249842461573061e-06
1.818786118459610468e-01	1.644089332862678907e-05	1.557624838259670465e-06
1.873349702013398788e-01	1.894605257052390032e-05	1.686754649302249324e-06
1.929550193073800712e-01	1.549202604055809019e-05	1.550998999035890613e-06
1.987436698866014706e-01	1.638267345722908730e-05	1.668490487396033325e-06
2.047059799831995319e-01	1.636084221201455831e-05	1.742740660809985803e-06
2.108471593826955204e-01	1.860094365250396811e-05	1.947551304356448151e-06
2.171725741641764018e-01	1.777954468387721884e-05	2.008943748943432740e-06
2.236877513891016855e-01	1.569958148797564630e-05	1.990050397535867526e-06
2.303983839307747195e-01	1.200717823356427908e-05	1.840875999909786755e-06
2.370401532767581476e-01	1.307211865285618436e-05	2.190307819434840993e-06
